4
Textures/Stage1.png 0 0 0 1534 10 125
1535 15 0 160
3 160 0 0
7 175 1528 0
48 16 688 96
160 16 752 64
96 16 928 96
143 16 1392 64
-1
624 151 8 1 0
680 95 8 0 1
720 87 4 1 0
744 63 4 0 1
919 63 4 1 1
943 87 4 0 0
1296 151 12 1 0
1384 63 12 0 1
-1
270 128 0
290 128 0
310 128 0
550 128 0
570 128 0
590 128 0
689 74 2
754 39 2
1010 128 0
1393 36 2
1372 128 0
1392 128 0
1412 128 0
-1
78 128 1 0
44 100 0 4
138 128 1 0
172 100 0 5
301 100 0 6
429 100 0 -1
555 100 0 -1
780 24 0 -1
1228 100 0 -1
1439 128 1 0
-1
0 1506 62 1 1577 0
-1
Textures/Stage2.png 1535 0 1535 2047 1571 30
24 17 1792 111
8 45 1808 127
128 16 1535 64
10 161 1535 1
513 15 1535 160
48 16 1664 96
64 39 1792 80
40 41 1816 119
31 16 1856 80
48 16 1888 96
96 16 1952 64
32 16 2016 0
8 146 2040 15
-1
1719 95 8 1 1
1775 151 8 0 0
1591 159 5 1 1
1911 159 9 1 1
1943 95 8 1 1
1999 151 8 0 0
-1
1525 125 1
1850 125 1
1945 125 1
1716 125 1
-1
1792 127 3
1645 100 0 -1
1772 69 0 -1
-1
0 2018 62 3 2073 0
1 1604 170 2 63 174
1 1927 170 2 385 177

-1
Textures/Stage3.png 0 185 0 511 103 200
3 82 0 0
8 112 504 185
32 17 96 233
224 16 0 265
32 16 256 265
160 16 320 265
32 16 480 297
32 16 448 329
3 184 0 185
-1
95 224 5 0 0
447 256 9 0 0
-1
16 375 3
142 375 3
217 375 3
336 375 3
-1
109 203 0 0
205 219 0 0
270 219 0 -1
489 251 0 -1
0 370 2
-1
1 57 168 1 1583 137
1 376 169 1 1902 136

-1
Textures/Stage4.png 2048 0 2048 2816 2057 25
768 15 2048 160
2 160 2048 0
8 160 2808 0
112 16 2048 64
176 16 2176 96
32 16 2720 128
48 16 2768 96
-1
2167 63 4 1 1
2191 87 4 0 0
2359 95 8 1 1
2415 151 8 0 0
2736 119 4 1 0
2760 95 4 0 1
-1
2334 76 2
2068 90 0
2098 90 0
2128 90 0
2707 90 0
2677 90 0
2647 90 0
2770 0 4 2580 2816
-1
2574 90 0 5
2574 128 1 1
2446 100 0 -1
2068 128 1 0
2098 128 1 0
-1
-1